sp,postri,family,order,q0.025,q0.05,q0.25,q0.5,q0.75,q0.95,q0.975,crosscount
Rhea_pennata,-0.306347473231069,Rheidae,RHEIFORMES,-1.1727505,-1.037615,-0.6159596,-0.3249309,-0.04640833,0.3514391,0.46577075,1
Casmerodius_albus,-0.513001251007592,Ardeidae,PELECANIFORMES,-1.1648145,-1.058579,-0.7668884,-0.527463,-0.2689546,0.1072504,0.2306853,1
Ciconia_ciconia,0.382308359473626,Ciconiidae,CICONIIFORMES,-0.4249443,-0.3038545,0.09596428,0.3814787,0.66446,1.076346,1.197102,1
Aix_galericulata,0.796736584755245,Anatidae,ANSERIFORMES,0.15163575,0.2561568,0.5653395,0.7814688,0.9934338,1.3089,1.3945645,1
Aix_sponsa,0.0501601842801199,Anatidae,ANSERIFORMES,-0.2263652,-0.1844748,-0.04793505,0.04716767,0.1521416,0.3234169,0.37508945,6
Alopochen_aegyptiaca,0.0614971088529271,Anatidae,ANSERIFORMES,-0.50640005,-0.436088,-0.1480583,0.06640855,0.2542681,0.578011,0.67882805,2
Amazonetta_brasiliensis,0.223037995263936,Anatidae,ANSERIFORMES,-0.3333301,-0.259965,0.01529162,0.2125333,0.4116318,0.7531782,0.83342185,1
Anas_acuta,-0.181704838795405,Anatidae,ANSERIFORMES,-0.44517815,-0.401681,-0.270611,-0.1771303,-0.08437812,0.02557755,0.068159445,8
Anas_americana,0.0669146505707183,Anatidae,ANSERIFORMES,-0.3739323,-0.2907389,-0.05964936,0.07380641,0.2063987,0.4210364,0.47340015,2
Anas_bahamensis,-0.0486815017938062,Anatidae,ANSERIFORMES,-0.5005311,-0.4367842,-0.1989535,-0.04293669,0.09633451,0.2998231,0.3768277,3
Anas_clypeata,-0.402079034592507,Anatidae,ANSERIFORMES,-1.2145385,-1.079689,-0.6848932,-0.4214617,-0.1445236,0.2095115,0.3132384,2
Anas_crecca,-0.47620756627001,Anatidae,ANSERIFORMES,-1.3080495,-1.169721,-0.6919417,-0.4505414,-0.2368627,0.004265498,0.093876045,2
Anas_cyanoptera,-0.345512308353746,Anatidae,ANSERIFORMES,-1.1859895,-1.026571,-0.5926158,-0.3369111,-0.108795,0.2987164,0.40896625,2
Anas_falcata,0.325552233461139,Anatidae,ANSERIFORMES,-0.24907715,-0.1412335,0.1363966,0.3200194,0.5061453,0.7509138,0.8198733,1
Anas_flavirostris,-0.382256301787213,Anatidae,ANSERIFORMES,-1.096753,-0.9847173,-0.61629,-0.365543,-0.1410032,0.1952152,0.29425325,2
Anas_fulvigula,-0.48840943257043,Anatidae,ANSERIFORMES,-1.2999145,-1.150774,-0.708225,-0.4512119,-0.2430598,-0.01468401,0.05346302,4
Anas_georgica,-0.145376475548052,Anatidae,ANSERIFORMES,-0.63755375,-0.540048,-0.2958251,-0.1322346,0.01570222,0.2263119,0.2786624,3
Anas_melleri,-0.526975749719281,Anatidae,ANSERIFORMES,-1.176418,-1.070835,-0.7099127,-0.4957478,-0.314264,-0.09903076,-0.047728655,6
Anas_penelope,0.160585691842757,Anatidae,ANSERIFORMES,-0.11919385,-0.06961416,0.07723121,0.1591036,0.2471435,0.381934,0.4236636,6
Anas_platyrhynchos,0.011755414742957,Anatidae,ANSERIFORMES,-0.17904955,-0.1534564,-0.05225413,0.01388377,0.07600292,0.1662998,0.2004866,17
Anas_poecilorhyncha,-0.402981152675325,Anatidae,ANSERIFORMES,-0.9004916,-0.7720112,-0.5332398,-0.3933353,-0.2558583,-0.09965021,-0.05637199,6
Anas_sparsa,-0.146337546479321,Anatidae,ANSERIFORMES,-0.7079012,-0.6193616,-0.3251498,-0.1419077,0.04438516,0.3200729,0.39693425,1
Anas_superciliosa,-0.221085126110689,Anatidae,ANSERIFORMES,-0.57952745,-0.5173954,-0.3222455,-0.2121014,-0.1162346,0.03636101,0.074075235,8
Anser_albifrons,0.153947339066633,Anatidae,ANSERIFORMES,-0.1709208,-0.1182751,0.04237746,0.1542744,0.2679021,0.430025,0.4919652,4
Anser_anser,-0.0410945134325674,Anatidae,ANSERIFORMES,-0.3055308,-0.2641219,-0.1264253,-0.03396275,0.06524795,0.1906276,0.238239,7
Anser_cygnoides,-0.0102761141247752,Anatidae,ANSERIFORMES,-0.3126661,-0.2633831,-0.1058877,-0.001700588,0.1044197,0.2497755,0.29609935,5
Aythya_americana,-0.272017476407592,Anatidae,ANSERIFORMES,-1.0585405,-0.9554567,-0.5776412,-0.2779354,-0.002369572,0.4074229,0.5183696,1
Aythya_ferina,0.0704443416271728,Anatidae,ANSERIFORMES,-0.2264754,-0.1770496,-0.02462436,0.07505399,0.170192,0.3138053,0.3822719,6
Branta_canadensis,0.0678523323845155,Anatidae,ANSERIFORMES,-0.19732165,-0.1544199,-0.04060436,0.06099179,0.1586089,0.2815866,0.3252911,7
Chloephaga_melanoptera,0.157821837898981,Anatidae,ANSERIFORMES,-0.48661745,-0.377466,-0.06182394,0.1537608,0.3887067,0.7111729,0.79170365,1
Cygnus_columbianus,-0.351721265548452,Anatidae,ANSERIFORMES,-1.2818345,-1.040314,-0.6108489,-0.3206599,-0.08479395,0.2720782,0.4507816,1
Cygnus_cygnus,-0.092685959153946,Anatidae,ANSERIFORMES,-0.70056635,-0.6129418,-0.3063053,-0.1175829,0.08991466,0.3895106,0.48536305,2
Neochen_jubata,-0.501022167663536,Anatidae,ANSERIFORMES,-1.1726075,-1.043952,-0.6941298,-0.4717507,-0.2513149,0.05293285,0.1834468,1
Netta_peposaca,-0.122940859951049,Anatidae,ANSERIFORMES,-0.45629085,-0.4163498,-0.2445431,-0.1226772,-0.007880186,0.1792361,0.24291215,3
Tadorna_ferruginea,-0.350301349948551,Anatidae,ANSERIFORMES,-1.1885485,-1.036686,-0.6301526,-0.3555874,-0.07727085,0.294892,0.3908116,1
Crax_alberti,0.381736906374026,Cracidae,GALLIFORMES,-0.24735295,-0.1515809,0.1756387,0.4005928,0.6291294,0.9348169,1.079485,2
Tetrao_tetrix,-0.0310495529060939,Phasianidae,GALLIFORMES,-0.48843685,-0.4074462,-0.185084,-0.01732149,0.1439013,0.3800704,0.4569839,2
Alectoris_rufa,-0.339571941160949,Phasianidae,GALLIFORMES,-1.1662535,-1.038606,-0.6052691,-0.349954,-0.1084086,0.3172911,0.5070592,1
Callipepla_squamata,-0.313727431395604,Odontophoridae,GALLIFORMES,-0.77117,-0.6899665,-0.45548,-0.289369,-0.1353329,0.09924692,0.17113855,3
Callipepla_gambelii,-0.268863778723776,Odontophoridae,GALLIFORMES,-0.7667706,-0.6864953,-0.4239852,-0.2556898,-0.08228788,0.1383044,0.22018125,2
Syrmaticus_ellioti,0.313673865599301,Phasianidae,GALLIFORMES,-0.06492037,-0.007960498,0.189932,0.3258014,0.482734,0.6920811,0.7380365,3
Argusianus_argus,0.483263535216783,Phasianidae,GALLIFORMES,-0.26608105,-0.1467732,0.2386253,0.4853428,0.7092821,1.109719,1.25728,1
Syrmaticus_mikado,0.174620135257443,Phasianidae,GALLIFORMES,-0.31779645,-0.2287633,0.003707867,0.1573167,0.3160065,0.5392175,0.5940506,3
Chrysolophus_amherstiae,-0.12331384857023,Phasianidae,GALLIFORMES,-0.41940295,-0.3693152,-0.22361,-0.1320224,-0.02496936,0.1231979,0.1745223,5
Chrysolophus_pictus,0.0122407617793546,Phasianidae,GALLIFORMES,-0.20784085,-0.1745202,-0.06659988,0.01282679,0.08876278,0.2173874,0.27612915,8
Crossoptilon_auritum,0.0417933740934066,Phasianidae,GALLIFORMES,-0.4243426,-0.3590916,-0.1264365,0.05212501,0.2283982,0.4736012,0.54783375,2
Lophura_diardi,0.322500725044955,Phasianidae,GALLIFORMES,-0.13502485,-0.07309589,0.1643874,0.3356543,0.4902404,0.7089932,0.7839412,2
Gallus_gallus,-0.0751776070080819,Phasianidae,GALLIFORMES,-0.36864245,-0.3261843,-0.1762327,-0.07584662,0.02257475,0.1546266,0.2022976,11
Gallus_sonneratii,0.130985475537562,Phasianidae,GALLIFORMES,-0.32160385,-0.2487093,-0.02018757,0.1382674,0.2784517,0.5148454,0.5902586,2
Lophura_edwardsi,-0.366503353682617,Phasianidae,GALLIFORMES,-1.2558855,-1.098668,-0.6563729,-0.3626306,-0.09486774,0.2129038,0.3062296,1
Lophura_leucomelanos,0.0140511490798202,Phasianidae,GALLIFORMES,-0.3788072,-0.3104548,-0.1222858,0.0033231,0.1212848,0.2984441,0.35151,5
Lophura_nycthemera,-0.116077397683217,Phasianidae,GALLIFORMES,-0.37658055,-0.3333864,-0.1992208,-0.1158636,-0.02565892,0.1011536,0.14598945,9
Lophophorus_impejanus,0.0936597976612388,Phasianidae,GALLIFORMES,-0.29446135,-0.2337677,-0.03517754,0.1010475,0.2276115,0.4488248,0.50895895,3
Pavo_cristatus,-0.0501476227849151,Phasianidae,GALLIFORMES,-0.43750465,-0.3763826,-0.1764381,-0.04922765,0.09718575,0.2937865,0.34752705,3
Perdix_perdix,0.193278011869161,Phasianidae,GALLIFORMES,-0.28935885,-0.2141347,0.01803715,0.203849,0.3662187,0.6379542,0.71357635,1
Phasianus_colchicus,-0.0259514736935065,Phasianidae,GALLIFORMES,-0.21815785,-0.1891427,-0.1026013,-0.0356974,0.04041083,0.1562878,0.1952477,13
Phasianus_versicolor,0.0401078558296703,Phasianidae,GALLIFORMES,-0.2444261,-0.2029905,-0.05069216,0.04808833,0.1377292,0.2785161,0.3346143,5
Tympanuchus_phasianellus,-0.17432315722038,Phasianidae,GALLIFORMES,-0.96200875,-0.8636667,-0.4810098,-0.2139081,0.06580934,0.4993605,0.61543715,1
Syrmaticus_reevesii,0.0637594346703297,Phasianidae,GALLIFORMES,-0.20827935,-0.1595566,-0.02137474,0.06859102,0.1512355,0.2897928,0.32363335,6
Tragopan_satyra,-0.270626997976923,Phasianidae,GALLIFORMES,-1.1340945,-0.9785179,-0.6018231,-0.3000043,0.001625748,0.4258756,0.527271,1
Acryllium_vulturinum,0.691163999637363,Numididae,GALLIFORMES,0.1334569,0.2086688,0.4843868,0.6684273,0.8564343,1.123827,1.2034865,1
Grus_antigone,-0.355099600983017,Gruidae,GRUIFORMES,-1.192692,-1.064956,-0.6679397,-0.3740341,-0.08362189,0.3782979,0.52396405,1
Larus_hyperboreus,-0.374409163184715,Laridae,CHARADRIIFORMES,-1.2616205,-1.050201,-0.6032512,-0.353603,-0.07051997,0.292942,0.36669015,2
Larus_occidentalis,-0.199656001195904,Laridae,CHARADRIIFORMES,-1.073387,-0.9155862,-0.480871,-0.1961695,0.07536792,0.4942622,0.60022285,1
Larus_argentatus,-0.325574561007093,Laridae,CHARADRIIFORMES,-1.0902535,-0.9450303,-0.5822515,-0.315692,-0.03930343,0.2967674,0.40342955,2
Columba_guinea,0.0891074734773227,Columbidae,COLUMBIFORMES,-0.51935705,-0.4389963,-0.1393671,0.07069853,0.2711343,0.5438491,0.60763555,1
Columba_livia,-0.139381180179421,Columbidae,COLUMBIFORMES,-0.57787035,-0.5228498,-0.2907183,-0.123347,0.03316686,0.2655478,0.32810205,3
Columba_oenas,0.31364156384016,Columbidae,COLUMBIFORMES,-0.3888931,-0.2797338,0.06511676,0.3137471,0.5756113,0.9585346,1.087902,1
Geopelia_cuneata,0.196466900826474,Columbidae,COLUMBIFORMES,-0.47744825,-0.3879758,-0.03714388,0.1798035,0.3945277,0.7176875,0.82963685,2
Streptopelia_decaocto,0.0316801374596404,Columbidae,COLUMBIFORMES,-0.49822315,-0.4246676,-0.1644592,0.02607829,0.2150128,0.496105,0.58733495,2
Agapornis_canus,-0.971789012387612,Psittacidae,PSITTACIFORMES,-1.616803,-1.471094,-1.145878,-0.9446094,-0.7652921,-0.5083224,-0.41616355,7
Agapornis_fischeri,-0.669778044762438,Psittacidae,PSITTACIFORMES,-1.3086705,-1.197325,-0.8586845,-0.6387456,-0.4445362,-0.1778149,-0.10382685,7
Agapornis_lilianae,-0.639485718867133,Psittacidae,PSITTACIFORMES,-1.356828,-1.16271,-0.8216419,-0.5958709,-0.4053102,-0.180235,-0.09400849,7
Agapornis_nigrigenis,-0.642237747503397,Psittacidae,PSITTACIFORMES,-1.3211305,-1.220274,-0.8179884,-0.6144275,-0.4353606,-0.2012315,-0.14347655,7
Agapornis_personatus,-0.70658194955045,Psittacidae,PSITTACIFORMES,-1.276005,-1.180458,-0.8921269,-0.6919456,-0.5100053,-0.2275706,-0.16220725,8
Agapornis_pullarius,-0.983337284415584,Psittacidae,PSITTACIFORMES,-1.572623,-1.488654,-1.171357,-0.9753513,-0.7899591,-0.5067687,-0.43339425,7
Alisterus_amboinensis,0.145584720393207,Psittacidae,PSITTACIFORMES,-0.7179265,-0.6124512,-0.1531689,0.1457521,0.4890023,0.9852254,1.1205175,1
Ara_ararauna,0.527456299938022,Psittacidae,PSITTACIFORMES,-0.2994441,-0.1549916,0.2170114,0.5226613,0.792311,1.194175,1.369364,1
Melopsittacus_undulatus,-0.101919032056913,Psittacidae,PSITTACIFORMES,-0.7706557,-0.6736956,-0.3202919,-0.09945842,0.1174621,0.4115103,0.4977147,2
Platycercus_caledonicus,-0.399005681437862,Psittacidae,PSITTACIFORMES,-1.1450305,-1.025312,-0.6355071,-0.3632417,-0.117061,0.2715211,0.38436875,1
Platycercus_elegans,-0.273572520125674,Psittacidae,PSITTACIFORMES,-1.130183,-1.005208,-0.611759,-0.3188919,-0.04716018,0.3335354,0.44491685,1
Platycercus_eximius,-0.391509142091209,Psittacidae,PSITTACIFORMES,-1.03226,-0.8985308,-0.5726006,-0.3496394,-0.1338419,0.180693,0.27771275,3
Psephotus_dissimilis,0.016777742103996,Psittacidae,PSITTACIFORMES,-0.691613,-0.5775236,-0.2561077,-0.009927412,0.2678605,0.643239,0.76806285,1
Psittacula_eupatria,-0.27252956630969,Psittacidae,PSITTACIFORMES,-1.1296095,-1.036592,-0.5705902,-0.2731768,0.02017246,0.4677468,0.56347935,1
Sterna_albifrons,-0.393342374593806,Laridae,CHARADRIIFORMES,-1.2525685,-1.065185,-0.6345691,-0.3662927,-0.1022501,0.2565751,0.37675995,1
Eudocimus_ruber,-0.280123859251848,Threskiornithidae,PELECANIFORMES,-1.2085525,-1.059453,-0.6069284,-0.2865943,0.005280442,0.356173,0.45557165,1
Macronectes_halli,0.605787761641359,Procellariidae,PROCELLARIIFORMES,-0.2027814,-0.1046943,0.2966796,0.5887025,0.8579226,1.25649,1.3918045,1
Copsychus_saularis,0.369547076538861,Muscicapidae,PASSERIFORMES,-0.33913685,-0.2093517,0.1360707,0.4030384,0.6588434,1.003616,1.11249,1
Luscinia_luscinia,0.125854591154545,Muscicapidae,PASSERIFORMES,-0.49042295,-0.4448996,-0.136791,0.1048407,0.3558318,0.7025813,0.81006885,2
Motacilla_alba,-0.283840103358741,Motacillidae,PASSERIFORMES,-1.1586195,-1.036986,-0.5856151,-0.278868,-0.02240409,0.3226301,0.43768605,1
Lanius_collurio,-0.361179579047303,Laniidae,PASSERIFORMES,-1.196404,-1.05961,-0.6445437,-0.3570916,-0.02904729,0.4794835,0.59443105,1
Vermivora_chrysoptera,-0.2627057357003,Parulidae,PASSERIFORMES,-1.08846,-0.9793607,-0.5800414,-0.3023545,0.01848109,0.3873042,0.52397385,1
Amadina_erythrocephala,-0.334449684226274,Estrildidae,PASSERIFORMES,-1.061433,-0.9094512,-0.5456609,-0.3149255,-0.09588413,0.2228705,0.32939245,1
Amadina_fasciata,0.497051141079421,Estrildidae,PASSERIFORMES,-0.088170795,0.01414676,0.2863771,0.4777616,0.6773105,0.9976557,1.1230295,2
Pytilia_melba,-0.0587391919538462,Estrildidae,PASSERIFORMES,-0.72938735,-0.6267273,-0.3024236,-0.06517504,0.1958937,0.5913112,0.7325889,1
Erythrura_prasina,-0.0316810265180919,Estrildidae,PASSERIFORMES,-0.7617787,-0.6332801,-0.2500571,0.001551294,0.2744335,0.6537179,0.74093675,1
Estrilda_astrild,-0.525507430607203,Estrildidae,PASSERIFORMES,-1.275328,-1.137937,-0.7823818,-0.5417333,-0.2666936,0.05014263,0.14689675,2
Uraeginthus_bengalus,-0.408350244452448,Estrildidae,PASSERIFORMES,-1.205134,-1.08593,-0.6516267,-0.3898701,-0.168961,0.1739644,0.27080405,2
Lonchura_castaneothorax,0.183467376201978,Estrildidae,PASSERIFORMES,-0.17822525,-0.1284999,0.06004633,0.1796206,0.298118,0.4798114,0.54881785,3
Lonchura_cucullata,0.086702996365035,Estrildidae,PASSERIFORMES,-0.30513755,-0.237785,-0.04132365,0.0822128,0.2085538,0.3978548,0.4598129,3
Lonchura_fringilloides,-0.0620483087893307,Estrildidae,PASSERIFORMES,-0.56270595,-0.4946967,-0.2365166,-0.06641499,0.09869311,0.3590544,0.4311752,3
Lonchura_leucogastroides,-0.305096359185814,Estrildidae,PASSERIFORMES,-1.0089775,-0.8946611,-0.5440209,-0.3246945,-0.08238311,0.2437502,0.32706945,1
Lonchura_malabarica,-0.0343059966571728,Estrildidae,PASSERIFORMES,-0.3821008,-0.325401,-0.1490189,-0.03060943,0.08521731,0.2665148,0.32193415,4
Lonchura_striata,-0.0767415244924076,Estrildidae,PASSERIFORMES,-0.3212063,-0.2816357,-0.1649219,-0.07518333,0.01780131,0.1349436,0.18514365,10
Passer_domesticus,-0.348300857345614,Passeridae,PASSERIFORMES,-1.2438465,-1.097017,-0.6883181,-0.3676051,-0.0938747,0.2656806,0.3450454,2
Passer_montanus,0.245225249475325,Passeridae,PASSERIFORMES,-0.4563652,-0.3580893,-0.02792664,0.2088823,0.4823458,0.8697739,1.0432205,1
Poephila_acuticauda,-0.13174623765994,Estrildidae,PASSERIFORMES,-0.46775705,-0.4263284,-0.248191,-0.1310574,-0.01411941,0.12605,0.19009865,6
Taeniopygia_bichenovii,0.123158231002977,Estrildidae,PASSERIFORMES,-0.26401965,-0.2163505,-0.01738103,0.1067206,0.2298679,0.4557012,0.51832095,3
Poephila_cincta,-0.0504286941157542,Estrildidae,PASSERIFORMES,-0.3724793,-0.3188066,-0.1701268,-0.04177528,0.07493535,0.2484745,0.3181234,4
Ramphocelus_flammigerus,-0.236868115116384,Thraupidae,PASSERIFORMES,-1.1862205,-1.073335,-0.5683017,-0.2111796,0.07779223,0.4924809,0.6493668,1
Ramphocelus_bresilius,-0.175730211483417,Thraupidae,PASSERIFORMES,-1.079084,-0.93925,-0.4797746,-0.2036609,0.06299453,0.4652529,0.5995097,1
Fringilla_coelebs,0.0375038361628372,Fringillidae,PASSERIFORMES,-0.70517455,-0.6101454,-0.2363805,0.0182626,0.2872264,0.6173478,0.74969735,1
Serinus_alario,0.0722407307374725,Fringillidae,PASSERIFORMES,-0.359425,-0.2721748,-0.05958742,0.06673337,0.2240345,0.4267576,0.4952973,2
Carduelis_atrata,-0.0994669402938062,Fringillidae,PASSERIFORMES,-0.5922696,-0.5212244,-0.2675427,-0.0979302,0.07235331,0.3575236,0.45435,1
Carduelis_cannabina,-0.119289446413087,Fringillidae,PASSERIFORMES,-0.4689016,-0.397981,-0.2425789,-0.127234,-0.006163665,0.1698709,0.22669205,3
Carduelis_carduelis,-0.0199118636453846,Fringillidae,PASSERIFORMES,-0.2860493,-0.2518906,-0.1172091,-0.02310678,0.07086085,0.2152925,0.26942905,6
Carduelis_cucullata,-0.096454804012987,Fringillidae,PASSERIFORMES,-0.449774,-0.3936314,-0.208604,-0.09349643,0.03572006,0.1969804,0.25304765,3
Carduelis_flammea,-0.0533224800328671,Fringillidae,PASSERIFORMES,-0.5796331,-0.487261,-0.2314889,-0.04879111,0.1098711,0.3457216,0.4132388,2
Carduelis_magellanica,0.0224452855336763,Fringillidae,PASSERIFORMES,-0.35574385,-0.301935,-0.1034945,0.01574174,0.1450602,0.321229,0.35667955,3
Carduelis_psaltria,-0.0774364966757243,Fringillidae,PASSERIFORMES,-0.5845234,-0.4909144,-0.2401045,-0.06938638,0.1108191,0.3924467,0.4682511,1
Carduelis_spinoides,-0.36809338574975,Fringillidae,PASSERIFORMES,-1.183611,-1.069994,-0.6110157,-0.3491199,-0.1196117,0.1940816,0.31442525,1
Carduelis_spinus,-0.0692126544836164,Fringillidae,PASSERIFORMES,-0.3633558,-0.3158805,-0.1759148,-0.06940521,0.04397279,0.1975069,0.2331815,4
Carpodacus_mexicanus,-0.674522074485514,Fringillidae,PASSERIFORMES,-1.294482,-1.184594,-0.8581943,-0.6540616,-0.4590274,-0.1437521,-0.05147392,1
Carduelis_chloris,-0.0983423070234166,Fringillidae,PASSERIFORMES,-0.4150272,-0.3529626,-0.1966078,-0.09259112,0.008214791,0.1548549,0.2036498,5
Passerina_cyanea,-0.35243695173966,Emberizidae,PASSERIFORMES,-1.1242955,-1.010147,-0.6056199,-0.3217519,-0.03843122,0.3959783,0.5034494,1
Pinicola_enucleator,0.526735800344655,Fringillidae,PASSERIFORMES,-0.25767825,-0.1588659,0.2019124,0.4574355,0.7612578,1.192206,1.335022,1
Pipilo_erythrophthalmus,-0.265572123965704,Emberizidae,PASSERIFORMES,-1.090546,-0.9754389,-0.5464129,-0.252482,0.02490447,0.4609061,0.57609795,1
Serinus_canaria,0.112386931595005,Fringillidae,PASSERIFORMES,-0.1165945,-0.0803566,0.03310288,0.1081499,0.1853193,0.3001573,0.32865005,19
Serinus_flaviventris,-0.0640107231088911,Fringillidae,PASSERIFORMES,-0.48631755,-0.4406299,-0.2041307,-0.0505367,0.0948539,0.3218321,0.3903517,3
Serinus_leucopygius,-0.00985923406633367,Fringillidae,PASSERIFORMES,-0.4845261,-0.3992199,-0.1707447,-0.02835132,0.1204402,0.347053,0.4151325,2
Pheucticus_ludovicianus,-0.293091876583117,Cardinalidae,PASSERIFORMES,-1.156222,-1.021569,-0.5829144,-0.2699433,0.04026157,0.3947315,0.5299698,1
Sturnella_magna,0.211465059418581,Icteridae,PASSERIFORMES,-0.5493255,-0.4100513,-0.06871988,0.174606,0.4259129,0.8296553,0.9146158,1
Sphyrapicus_nuchalis,-0.257330714532168,Picidae,PICIFORMES,-1.106335,-0.96358,-0.546901,-0.2159745,0.06599464,0.4871243,0.6144439,1
Contopus_virens,-0.234702520423576,Tyrannidae,PASSERIFORMES,-1.106536,-0.916747,-0.5056221,-0.2229935,0.05483685,0.4726721,0.57887035,1
Parus_atricapillus,-0.377143741704296,Paridae,PASSERIFORMES,-1.1273425,-0.9913421,-0.6406274,-0.3386023,-0.07162023,0.3444561,0.5198206,1
Petroica_traversi,0.0193011599035764,Petroicidae,PASSERIFORMES,-0.79474415,-0.6364193,-0.2704784,-0.01834258,0.2500606,0.6523866,0.74358825,1
Icterus_galbula,-0.29281038004006,Icteridae,PASSERIFORMES,-1.157713,-1.029332,-0.6168107,-0.3129806,0.01427066,0.4744694,0.6586301,1
Ficedula_albicollis,0.118728507100899,Muscicapidae,PASSERIFORMES,-0.6321201,-0.529266,-0.1858655,0.0655247,0.3352087,0.7626226,0.8848667,1
Dendroica_occidentalis,-0.330163750718192,Parulidae,PASSERIFORMES,-1.1646025,-1.039709,-0.596904,-0.2985112,-0.02579433,0.380975,0.49327305,1
Astrapia_stephaniae,-0.195874306399401,Paradisaeidae,PASSERIFORMES,-1.0502795,-0.8984997,-0.5058114,-0.2035464,0.0562128,0.4736588,0.5868698,1
Rhea_americana,-0.294271385151648,Rheidae,RHEIFORMES,-1.221541,-1.05429,-0.5608765,-0.2320768,0.05026767,0.4466602,0.5615002,1
Nycticorax_caledonicus,-0.46718467678951,Ardeidae,PELECANIFORMES,-1.1950575,-1.086915,-0.7180806,-0.4841847,-0.2075795,0.1530317,0.2669001,1
Ciconia_nigra,0.371593532395704,Ciconiidae,CICONIIFORMES,-0.4368482,-0.3038796,0.0698957,0.3685053,0.648907,1.042038,1.1758185,1
Anas_sibilatrix,0.23794944352048,Anatidae,ANSERIFORMES,-0.13755705,-0.06956396,0.09951094,0.2238623,0.3455769,0.5447999,0.5896961,3
Chloephaga_picta,0.130791134915385,Anatidae,ANSERIFORMES,-0.4758675,-0.3580258,-0.07271265,0.123822,0.3289716,0.6083938,0.70804165,2
Cyanochen_cyanoptera,0.0216844902440559,Anatidae,ANSERIFORMES,-0.67461655,-0.5652739,-0.2274188,0.02096351,0.2542592,0.6080381,0.7082307,1
Anas_strepera,0.0464895785001998,Anatidae,ANSERIFORMES,-0.35383785,-0.2900061,-0.09455957,0.04489507,0.1919489,0.396417,0.4649859,3
Netta_rufina,0.271735577905694,Anatidae,ANSERIFORMES,-0.0048195545,0.03878776,0.1780164,0.2734112,0.3664641,0.5065115,0.55326255,6
Anas_querquedula,-0.245424822905924,Anatidae,ANSERIFORMES,-1.1216935,-0.9829567,-0.5102279,-0.2462001,0.05049801,0.4253097,0.5740429,1
Anas_discors,-0.232440338134865,Anatidae,ANSERIFORMES,-1.105636,-0.9539557,-0.4988,-0.2017806,0.06623855,0.4142234,0.55557735,1
Anas_undulata,-0.118866113316194,Anatidae,ANSERIFORMES,-0.5285948,-0.4623557,-0.2459775,-0.1129411,0.01485456,0.2110398,0.2797299,5
Aythya_fuligula,0.0190698293346054,Anatidae,ANSERIFORMES,-0.3548112,-0.3069946,-0.1334786,-5.391566e-05,0.1498461,0.3538969,0.4076296,2
Anas_rubripes,-0.374184902862637,Anatidae,ANSERIFORMES,-1.109405,-1.003614,-0.6019351,-0.3497619,-0.1178688,0.2018159,0.30177275,1
Cairina_moschata,-0.0277571446275724,Anatidae,ANSERIFORMES,-0.3958388,-0.3484638,-0.1577469,-0.03528898,0.09234201,0.2716126,0.32294205,3
Tadorna_tadorna,-0.0191748207715285,Anatidae,ANSERIFORMES,-0.42913515,-0.3444885,-0.1539665,-0.02767984,0.1029676,0.2862156,0.35272535,3
Anser_brachyrhynchus,0.767382589487512,Anatidae,ANSERIFORMES,0.10485735,0.1998006,0.5224297,0.7499076,0.9552221,1.306591,1.418912,1
Branta_bernicla,0.134166424653247,Anatidae,ANSERIFORMES,-0.39768665,-0.3284344,-0.03955588,0.14093,0.3295918,0.5934119,0.67673425,1
Branta_leucopsis,-0.146416400991808,Anatidae,ANSERIFORMES,-0.60992645,-0.5452592,-0.3121483,-0.1492258,0.0008496944,0.2097545,0.27312655,2
Aythya_valisineria,-0.245470423672747,Anatidae,ANSERIFORMES,-1.091854,-0.9703531,-0.5242973,-0.233739,0.06135098,0.4436053,0.58544695,1
Aythya_nyroca,-0.463579580418981,Anatidae,ANSERIFORMES,-1.223035,-1.090373,-0.6830618,-0.431084,-0.195324,0.1011513,0.2165945,1
Cygnus_olor,-0.0354757136716284,Anatidae,ANSERIFORMES,-0.50218045,-0.4300334,-0.1963315,-0.03835689,0.154136,0.3903409,0.460398,2
Tadorna_radjah,-0.29155937681998,Anatidae,ANSERIFORMES,-1.093391,-0.9584436,-0.5555796,-0.2813735,-0.01835484,0.3090854,0.38833425,1
Crax_fasciolata,-0.208446298808392,Cracidae,GALLIFORMES,-0.9014454,-0.8021667,-0.4704644,-0.2224533,0.009838704,0.3269982,0.4395005,1
Mitu_mitu,0.578438162174126,Cracidae,GALLIFORMES,-0.098244165,-0.01420476,0.3206466,0.5664004,0.7915973,1.192857,1.3366665,1
Tetrao_urogallus,0.110136832898801,Phasianidae,GALLIFORMES,-0.472908,-0.3800455,-0.1074948,0.1035467,0.3060207,0.5646971,0.62353005,1
Alectoris_graeca,-0.244896162357043,Phasianidae,GALLIFORMES,-0.98960305,-0.856505,-0.4668489,-0.2170121,0.02376452,0.3661994,0.4556495,1
Callipepla_californica,-0.287747195384316,Odontophoridae,GALLIFORMES,-1.198598,-1.06243,-0.5973552,-0.3016795,-0.04638414,0.3143001,0.44956055,1
Colinus_virginianus,0.348143487032967,Odontophoridae,GALLIFORMES,-0.12692935,-0.06778929,0.1693555,0.3295461,0.4865268,0.7184277,0.8055329,2
Rheinardia_ocellata,0.499185374817183,Phasianidae,GALLIFORMES,-0.21121185,-0.1046055,0.2460254,0.4746252,0.7309312,1.074652,1.183111,1
Catreus_wallichi,0.665202589035964,Phasianidae,GALLIFORMES,0.1062044,0.2055616,0.4757998,0.6712364,0.8910288,1.221259,1.356573,2
Tragopan_caboti,0.0481742264961638,Phasianidae,GALLIFORMES,-0.3873927,-0.3123173,-0.09468875,0.05923019,0.208805,0.4451864,0.51170545,2
Syrmaticus_soemmerringii,0.0393309188731269,Phasianidae,GALLIFORMES,-0.2659914,-0.2295008,-0.06108031,0.0496607,0.1550851,0.3203313,0.38050495,3
Crossoptilon_mantchuricum,0.0741440867290709,Phasianidae,GALLIFORMES,-0.57816135,-0.470331,-0.1489912,0.03329041,0.2824788,0.6349575,0.7385912,1
Gallus_varius,0.222316587935165,Phasianidae,GALLIFORMES,-0.2182571,-0.1507289,0.07620056,0.2296011,0.3781744,0.616258,0.67929375,2
Meleagris_gallopavo,0.669197685423077,Phasianidae,GALLIFORMES,0.095724735,0.1828012,0.4630559,0.6721268,0.879162,1.1881,1.3010635,2
Numida_meleagris,-0.588199089300699,Numididae,GALLIFORMES,-1.030966,-0.9639032,-0.7228714,-0.5727666,-0.4092847,-0.2171065,-0.14745055,4
Lophura_swinhoii,-0.00512236329210789,Phasianidae,GALLIFORMES,-0.5451298,-0.4457859,-0.1673581,-0.01778098,0.1464905,0.4085991,0.49525835,2
Lophura_erythrophthalma,0.846681579237762,Phasianidae,GALLIFORMES,0.1997523,0.2921174,0.6176083,0.8468649,1.073783,1.433942,1.576296,1
Pavo_muticus,-0.341368605285415,Phasianidae,GALLIFORMES,-1.0950195,-0.9880546,-0.5919733,-0.3422084,-0.08965123,0.2049406,0.29881215,1
Tympanuchus_cupido,-0.307785410814186,Phasianidae,GALLIFORMES,-1.050159,-0.9486173,-0.5564848,-0.2996506,-0.04442884,0.354829,0.475902,1
Tragopan_temminckii,-0.347043182124984,Phasianidae,GALLIFORMES,-1.1840975,-1.01057,-0.6134254,-0.3119518,-0.03278687,0.3739717,0.4634232,1
Grus_rubicunda,-0.256989213929471,Gruidae,GRUIFORMES,-1.077111,-0.9493551,-0.5513183,-0.2090685,0.1057393,0.5563163,0.6792128,1
Larus_glaucescens,-0.380142110034635,Laridae,CHARADRIIFORMES,-1.150984,-1.041955,-0.6368251,-0.3927599,-0.139187,0.1745952,0.2661082,2
Larus_marinus,-0.199503199072527,Laridae,CHARADRIIFORMES,-1.0479025,-0.8853629,-0.4772893,-0.204653,0.07990544,0.495582,0.59385015,1
Columba_palumbus,0.0618783825147852,Columbidae,COLUMBIFORMES,-0.5119359,-0.4290333,-0.1485058,0.05298776,0.2501333,0.5354908,0.6494683,1
Streptopelia_turtur,0.00854986961653347,Columbidae,COLUMBIFORMES,-0.51097325,-0.4140028,-0.1547252,0.01566346,0.182864,0.4176762,0.4971169,3
Streptopelia_roseogrisea,0.413903151011389,Columbidae,COLUMBIFORMES,-0.3370587,-0.2357266,0.1179088,0.4023248,0.6707479,1.045965,1.1752855,1
Geopelia_striata,-0.152118851372627,Columbidae,COLUMBIFORMES,-0.74874805,-0.6791,-0.3967229,-0.1414885,0.113654,0.4476575,0.5581435,1
Streptopelia_vinacea,0.220545953861838,Columbidae,COLUMBIFORMES,-0.4478823,-0.3222054,-0.007159938,0.2421452,0.4794191,0.7975846,0.9342633,1
Agapornis_roseicollis,-0.586385716193806,Psittacidae,PSITTACIFORMES,-1.2998805,-1.174535,-0.8225145,-0.5846919,-0.3689174,-0.08498891,-0.0127934655,6
Agapornis_taranta,-0.886325694905095,Psittacidae,PSITTACIFORMES,-1.45111,-1.366889,-1.079672,-0.8860701,-0.6993531,-0.470326,-0.3951465,6
Prosopeia_tabuensis,0.143852851543756,Psittacidae,PSITTACIFORMES,-0.80602525,-0.657016,-0.1788388,0.183693,0.4541411,0.8956637,1.067137,1
Ara_chloropterus,0.408700712161938,Psittacidae,PSITTACIFORMES,-0.2963584,-0.1972353,0.1492972,0.4180747,0.7150811,1.163754,1.2802715,1
Neopsephotus_bourkii,0.189694918054146,Psittacidae,PSITTACIFORMES,-0.5710337,-0.4583632,-0.06146319,0.1962396,0.5122178,0.9475509,1.0518835,1
Platycercus_icterotis,0.224164944994006,Psittacidae,PSITTACIFORMES,-0.48435805,-0.39678,-0.04818951,0.1791157,0.4233073,0.7925892,0.90258135,1
Psephotus_haematonotus,0.0750791121525475,Psittacidae,PSITTACIFORMES,-0.66618055,-0.5362817,-0.1522767,0.07511517,0.3211722,0.6769569,0.80276055,1
Psittacula_krameri,-0.452365147091109,Psittacidae,PSITTACIFORMES,-1.272275,-1.182958,-0.7627495,-0.4306742,-0.1101164,0.358827,0.5051627,1
Sterna_nereis,-0.275687485659241,Laridae,CHARADRIIFORMES,-1.1688835,-1.03,-0.5618486,-0.233002,0.04563078,0.4053578,0.6010421,1
Eudocimus_albus,-0.307086978012787,Threskiornithidae,PELECANIFORMES,-1.0389665,-0.8986387,-0.5416614,-0.2827012,-0.01587188,0.3888325,0.5122831,1
Macronectes_giganteus,0.558749736467832,Procellariidae,PROCELLARIIFORMES,-0.2336761,-0.1007889,0.2847764,0.5481186,0.8098705,1.20823,1.3402925,1
Copsychus_malabaricus,0.451504254123477,Muscicapidae,PASSERIFORMES,-0.32327615,-0.1899074,0.1711639,0.4328908,0.6961503,1.074764,1.1909885,1
Luscinia_megarhynchos,0.0142183349290709,Muscicapidae,PASSERIFORMES,-0.758844,-0.6286013,-0.2249842,0.0154194,0.2507145,0.6241171,0.6999739,1
Motacilla_cinerea,-0.351257025698472,Motacillidae,PASSERIFORMES,-1.075807,-0.9841813,-0.6113312,-0.3423979,-0.08804,0.2916136,0.41149045,1
Lanius_cristatus,-0.226616979645355,Laniidae,PASSERIFORMES,-1.1115175,-0.9482087,-0.5107248,-0.2250644,0.06706757,0.4610433,0.5349373,1
Vermivora_pinus,-0.396028633304396,Parulidae,PASSERIFORMES,-1.2111205,-1.07717,-0.6235888,-0.3219065,-0.04789567,0.3897569,0.5416044,1
Pytilia_afra,-0.0950186935130869,Estrildidae,PASSERIFORMES,-0.834416,-0.7192944,-0.3655451,-0.0953072,0.1416846,0.4816687,0.58689795,1
Erythrura_trichroa,0.027691785022977,Estrildidae,PASSERIFORMES,-0.77838205,-0.6768913,-0.2808573,0.007186024,0.2835384,0.6575062,0.77938445,1
Estrilda_troglodytes,-0.232544161973027,Estrildidae,PASSERIFORMES,-1.065895,-0.9060113,-0.4757816,-0.1823779,0.1211979,0.4734291,0.6241457,1
Uraeginthus_cyanocephalus,-0.238973144106455,Estrildidae,PASSERIFORMES,-1.0567095,-0.9289174,-0.5206188,-0.2522187,0.05686728,0.4615566,0.5818095,1
Lonchura_maja,0.0581919744958042,Estrildidae,PASSERIFORMES,-0.36304985,-0.304194,-0.0767426,0.05569418,0.2000403,0.3870191,0.46188665,2
Lonchura_malacca,0.0732958497360639,Estrildidae,PASSERIFORMES,-0.35689925,-0.2866626,-0.08073479,0.07716561,0.2281238,0.4393872,0.5037514,2
Lonchura_bicolor,-0.383443865236963,Estrildidae,PASSERIFORMES,-1.1555115,-1.034136,-0.6442889,-0.3919868,-0.1481219,0.1667065,0.2665079,1
Lonchura_nigriceps,-0.335419818375325,Estrildidae,PASSERIFORMES,-1.180747,-0.9942797,-0.586589,-0.3238112,-0.05716133,0.2756553,0.373451,1
Padda_oryzivora,-0.588551530538561,Estrildidae,PASSERIFORMES,-1.2575,-1.137789,-0.7740498,-0.5497644,-0.3314798,-0.03363633,0.040067055,1
Stagonopleura_guttata,0.0540535208518482,Estrildidae,PASSERIFORMES,-0.445695,-0.3661007,-0.1375087,0.05240912,0.2395452,0.5304808,0.60395195,1
Passer_hispaniolensis,-0.343948389331568,Passeridae,PASSERIFORMES,-1.1336525,-0.9902844,-0.5807552,-0.3093337,-0.01829927,0.389947,0.50492805,2
Poephila_personata,-0.395021103785215,Estrildidae,PASSERIFORMES,-1.2028355,-1.017644,-0.6352575,-0.3767931,-0.126887,0.1592193,0.2540701,1
Neochmia_phaeton,0.246410634431678,Estrildidae,PASSERIFORMES,-0.24618115,-0.1786233,0.07791422,0.2595683,0.4328342,0.7351928,0.82360875,1
Neochmia_ruficauda,-0.419936406986114,Estrildidae,PASSERIFORMES,-1.164158,-1.014856,-0.6404901,-0.4062638,-0.1625466,0.1351811,0.2500555,1
Taeniopygia_guttata,-0.0592538548017982,Estrildidae,PASSERIFORMES,-0.6289762,-0.5570366,-0.2673967,-0.04348156,0.1693999,0.4742418,0.5763468,1
Ramphocelus_icteronotus,-0.2775392588996,Thraupidae,PASSERIFORMES,-1.132016,-1.003762,-0.5618299,-0.2907746,0.005762762,0.4725147,0.5883694,1
Ramphocelus_carbo,-0.271166360054176,Thraupidae,PASSERIFORMES,-1.21513,-1.013998,-0.5467922,-0.2602628,-0.01172441,0.3704202,0.4807937,1
Fringilla_montifringilla,-0.0115197783287712,Fringillidae,PASSERIFORMES,-0.74197155,-0.6251451,-0.2642934,0.00380184,0.2619289,0.6174784,0.7227147,1
Carduelis_sinica,-0.138767423606094,Fringillidae,PASSERIFORMES,-0.58180975,-0.5082954,-0.3005268,-0.141483,0.01017397,0.2396872,0.31438235,2
Carduelis_hornemanni,-0.33744877186034,Fringillidae,PASSERIFORMES,-1.112338,-0.9728594,-0.5686242,-0.3310329,-0.08155833,0.2740347,0.44678145,1
Passerina_amoena,-0.368957895491309,Emberizidae,PASSERIFORMES,-1.1513345,-1.030646,-0.6203887,-0.365491,-0.1044498,0.2888327,0.39262875,1
Pyrrhula_pyrrhula,0.407926154223776,Fringillidae,PASSERIFORMES,-0.3702978,-0.2350759,0.1779479,0.4169575,0.6807218,1.063379,1.200652,1
Pipilo_ocai,-0.243232190655544,Emberizidae,PASSERIFORMES,-1.124733,-0.9868809,-0.5284757,-0.2824581,-0.0004810822,0.3888975,0.48875235,1
Serinus_atrogularis,-0.218899997308791,Fringillidae,PASSERIFORMES,-0.6630213,-0.6030015,-0.3594092,-0.1912578,-0.03426151,0.1776101,0.2405933,2
Serinus_dorsostriatus,-0.0663431485004995,Fringillidae,PASSERIFORMES,-0.5600575,-0.4955976,-0.2398525,-0.06538069,0.0892993,0.3608539,0.44573165,1
Serinus_gularis,0.685238884886314,Fringillidae,PASSERIFORMES,0.10089405,0.1881804,0.4805568,0.7087678,0.9210706,1.226596,1.334203,1
Serinus_serinus,-0.108738701734066,Fringillidae,PASSERIFORMES,-0.6486552,-0.5530047,-0.3069154,-0.1154373,0.05462853,0.3135232,0.4019829,1
Serinus_sulphuratus,-0.307122668686713,Fringillidae,PASSERIFORMES,-1.1612635,-0.9812704,-0.5879741,-0.3200319,-0.0928693,0.2830899,0.3957553,1
Serinus_albogularis,-0.415520707756244,Fringillidae,PASSERIFORMES,-1.206136,-1.085249,-0.6650511,-0.3807891,-0.1311523,0.2341712,0.34295645,1
Pheucticus_melanocephalus,-0.323270393255445,Cardinalidae,PASSERIFORMES,-1.137068,-0.9860031,-0.6056292,-0.3292205,-0.04574371,0.3678212,0.50443655,1
Sturnella_neglecta,0.0546355874829171,Icteridae,PASSERIFORMES,-0.593292,-0.4951826,-0.1704178,0.06615035,0.3212583,0.6567243,0.80026455,1
Sphyrapicus_ruber,-0.25902465873976,Picidae,PICIFORMES,-1.1014885,-0.9417355,-0.5171774,-0.2730721,0.0115283,0.4034988,0.5363578,1
Contopus_sordidulus,-0.420479853728871,Tyrannidae,PASSERIFORMES,-1.318457,-1.102069,-0.675493,-0.3729347,-0.09142163,0.3420903,0.41538555,1
Parus_carolinensis,-0.267489601214785,Paridae,PASSERIFORMES,-1.1175545,-0.9698202,-0.5413288,-0.2730131,-0.01616588,0.3513499,0.47256425,1
Petroica_macrocephala,-0.112393375526903,Petroicidae,PASSERIFORMES,-0.83537955,-0.729495,-0.3312576,-0.07532484,0.2053989,0.5819335,0.7215593,1
Icterus_bullockii,-0.282653710066234,Icteridae,PASSERIFORMES,-1.091914,-0.9509509,-0.5317292,-0.2501628,0.02872201,0.3652668,0.47676275,1
Ficedula_hypoleuca,0.0591616640150849,Muscicapidae,PASSERIFORMES,-0.68354225,-0.5667707,-0.1913852,0.09820351,0.3591028,0.731323,0.8309055,1
Dendroica_townsendi,-0.24647629178991,Parulidae,PASSERIFORMES,-1.0071295,-0.9072271,-0.5277753,-0.262849,0.02568932,0.3882165,0.50898475,1
Astrapia_mayeri,-0.333057890146354,Paradisaeidae,PASSERIFORMES,-1.2668705,-1.098742,-0.6172168,-0.303408,-0.008896314,0.4221499,0.55928895,1
